-4 1 8
1 2 -9
-4 0 3
-7 -7 -6
-10 9 8
1 8 1
2 -8 -8
-4 5 2
6 -7 -8
-1 4 -7
-4 -3 -8
5 8 -8
-1 -10 -3
0 -5 9
2 5 -1
-9 -10 2
8 -8 -3
-6 -5 2
-9 9 5
-5 4 -1
9 7 5
0 7 5
-9 -6 -9
6 -8 7
-7 -8 6
-7 4 -10
-8 5 -7
0 1 2
5 -9 -8
-1 3 9
-4 -7 -4
8 1 -2
-7 -9 8
3 9 5
1 -9 -10
0 -10 -8
6 8 -6
5 -8 8
-4 -1 -4
-8 4 5
3 2 0
-8 -1 8
1 -5 0
-3 9 2
-8 -1 6
-3 8 -1
2 -5 -9
9 3 5
4 0 -9
-3 1 -8
-8 -9 -4
-8 -10 -3
-5 -1 1
-8 8 5
2 -2 9
2 3 3
-8 9 0
6 0 -1
4 4 8
4 -3 9
6 -7 4
-2 -5 8
-5 9 -1
-2 -9 -1
7 0 -4
-4 -3 -6
5 -8 7
-3 -6 2
2 -5 0
7 -2 -5
-2 0 -9
2 -5 4
-9 -7 -7
-9 -4 4
-6 4 8
-10 8 -10
-8 -2 -4
3 8 -5
-9 -2 9
-9 6 9
-3 -2 0
-7 9 0
-2 -5 -6
2 -6 -7
-9 4 5
-7 -7 0
3 1 -4
0 4 -10
9 4 1
5 0 6
5 9 -4
-7 3 7
-7 -10 4
-3 1 3
5 0 -7
-8 2 -6
0 8 -5
-2 -2 -6
2 7 4
0 -6 -6
